{
 "cells": [
  {
   "cell_type": "code",
   "execution_count": 50,
   "id": "4cfe8dc8-5b40-4f3d-86ec-96da010f96df",
   "metadata": {},
   "outputs": [],
   "source": [
    "import os\n",
    "import numpy as np\n",
    "import pandas as pd\n",
    "from utils.utils import *\n",
    "from utils.kabsch2D import *\n",
    "from nsd_access import NSDAccess \n",
    "from scipy import stats"
   ]
  },
  {
   "cell_type": "code",
   "execution_count": 2,
   "id": "f34da47d-91fe-441a-b66a-60d285091cea",
   "metadata": {},
   "outputs": [],
   "source": [
    "nsda = NSDAccess(nsd_dir)"
   ]
  },
  {
   "cell_type": "code",
   "execution_count": 24,
   "id": "760456d4-6d44-4cf4-bbb5-7f8806758e80",
   "metadata": {},
   "outputs": [],
   "source": [
    "def create_rotation_df(subj, rois, sess):\n",
    "    cols = ['source', 'base', 'target', 'U', 'error']\n",
    "    rotations = np.zeros(((len(rois) * (len(rois)-1)) * 2, len(cols)), dtype=object)\n",
    "    i = 0 \n",
    "    for roi_source in rois.keys():\n",
    "        mds_source = np.load(f'/home/stan/thesis-repo/data/MDS/{subj}/{subj}_{sess}_{roi_source}_mds_betas_train.npy', allow_pickle=False)\n",
    "        for roi_target in rois.keys():\n",
    "            if roi_source != roi_target:\n",
    "                for j in range(2):\n",
    "                    mds_target = np.load(f'/home/stan/thesis-repo/data/MDS/{subj}/{subj}_{sess}_{roi_target}_mds_betas_train.npy', allow_pickle=False)\n",
    "                    # flip the target when j is at 1, does nothing when j = 0 \n",
    "                    rotations[i, 1] = roi_target\n",
    "                    if j == 1:\n",
    "                        mds_target = np.dot(mds_target, np.array([[-1, 0], [0, 1]]))\n",
    "                        roi_target = roi_target + \"_flipped\"\n",
    "                    U, t= kabsch2D(mds_source, mds_target, translate=True )\n",
    "                    rotations[i, 0] = roi_source\n",
    "                    rotations[i, 2] = roi_target\n",
    "                    rotations[i, 3] = U\n",
    "                    rotated_source = rotate(mds_source, U)\n",
    "                    rotations[i, 4] = error(rotated_source, mds_target, t)\n",
    "                    i += 1\n",
    "    df = pd.DataFrame(rotations, columns=cols)\n",
    "    df = df.astype({'error': 'float32'}) # needed for later indexing\n",
    "    return df"
   ]
  },
  {
   "cell_type": "code",
   "execution_count": 51,
   "id": "5fbc864f-630c-44a4-b115-a43fb8e5e544",
   "metadata": {},
   "outputs": [],
   "source": [
    "def get_ranking(df):\n",
    "    # get the index of the lowest error for each pair in each ROI\n",
    "    indx_to_keep = df.groupby(['source', 'base'])['error'].idxmin()\n",
    "    df_filtered = df.loc[indx_to_keep]\n",
    "    rank = df_filtered.groupby('source')['error'].mean().sort_values()\n",
    "    return rank"
   ]
  },
  {
   "cell_type": "markdown",
   "id": "b368a580-e031-4396-888a-2683253fd2ef",
   "metadata": {},
   "source": [
    "https://www.sciencedirect.com/science/article/pii/S0167715298000066\n",
    "https://docs.scipy.org/doc/scipy/reference/generated/scipy.stats.weightedtau.html\n",
    "\n",
    "Its cool but doesn't give a p value\n",
    "\n",
    "https://docs.scipy.org/doc/scipy/reference/generated/scipy.stats.kendalltau.html#scipy.stats.kendalltau \n",
    "Normal Kendall Tau might be the thing?? "
   ]
  },
  {
   "cell_type": "code",
   "execution_count": 55,
   "id": "376f4cbf-99f1-4c14-995e-9521a2b39acf",
   "metadata": {},
   "outputs": [
    {
     "data": {
      "text/plain": [
       "{'V1': 1,\n",
       " 'V2': 2,\n",
       " 'V3': 3,\n",
       " 'hV4': 4,\n",
       " 'VO-1': 5,\n",
       " 'VO-2': 6,\n",
       " 'PHC-1': 7,\n",
       " 'PHC-2': 8,\n",
       " 'LO-1': 9,\n",
       " 'LO-2': 10,\n",
       " 'TO-1': 11,\n",
       " 'TO-2': 12}"
      ]
     },
     "execution_count": 55,
     "metadata": {},
     "output_type": "execute_result"
    }
   ],
   "source": [
    "rois"
   ]
  },
  {
   "cell_type": "code",
   "execution_count": 122,
   "id": "dc4e6135-9803-4e6b-a27b-88cfa15b4b48",
   "metadata": {},
   "outputs": [],
   "source": [
    "def get_rank_dict(subj_list, rois, sessions):\n",
    "    dict, dict_values = {}, {}\n",
    "    for i in range(len(subj_list)):\n",
    "        rotations_df = create_rotation_df(subj=subj_list[i], rois=rois, sess=sessions[i])\n",
    "        rank = get_ranking(rotations_df)\n",
    "        rank_int = [rois[roi] for roi in rank.index]\n",
    "        dict[subj_list[i]] = rank_int\n",
    "        dict_values[subj_list[i]] = rank\n",
    "\n",
    "    return dict, dict_values"
   ]
  },
  {
   "cell_type": "code",
   "execution_count": 123,
   "id": "992ff83b-5c5c-4bd8-a5a5-14562d932679",
   "metadata": {},
   "outputs": [
    {
     "data": {
      "text/plain": [
       "{'subj01': [10, 5, 7, 6, 9, 8, 11, 3, 12, 2, 4, 1],\n",
       " 'subj02': [8, 6, 7, 5, 11, 10, 9, 3, 2, 12, 4, 1],\n",
       " 'subj03': [6, 3, 7, 4, 11, 8, 2, 5, 9, 1, 10, 12],\n",
       " 'subj04': [5, 6, 7, 8, 11, 9, 4, 10, 3, 2, 12, 1],\n",
       " 'subj05': [7, 5, 6, 8, 9, 10, 3, 4, 11, 12, 2, 1],\n",
       " 'subj06': [7, 8, 3, 10, 5, 9, 6, 2, 11, 12, 4, 1],\n",
       " 'subj07': [3, 2, 6, 1, 4, 5, 7, 9, 11, 10, 12, 8],\n",
       " 'subj08': [3, 7, 6, 2, 4, 9, 5, 10, 1, 8, 11, 12]}"
      ]
     },
     "execution_count": 123,
     "metadata": {},
     "output_type": "execute_result"
    }
   ],
   "source": [
    "subj_list = [f'subj0{i}' for i in range(1,9)]\n",
    "sessions = [37, 37, 29, 27, 37, 29, 37, 27]\n",
    "\n",
    "rank_dict, rank_dict_values = get_rank_dict(subj_list=subj_list, rois=rois, sessions=sessions)\n",
    "rank_dict"
   ]
  },
  {
   "cell_type": "code",
   "execution_count": 124,
   "id": "2315801e-ea5d-482d-910d-955a54050fad",
   "metadata": {},
   "outputs": [
    {
     "data": {
      "text/plain": [
       "{'subj01': source\n",
       " LO-2     5409.333984\n",
       " VO-1     5858.212891\n",
       " PHC-1    6010.904785\n",
       " VO-2     6028.265137\n",
       " LO-1     6075.488770\n",
       " PHC-2    6169.129395\n",
       " TO-1     6525.177734\n",
       " V3       6543.895508\n",
       " TO-2     6574.104492\n",
       " V2       6597.642578\n",
       " hV4      6777.357910\n",
       " V1       7091.245117\n",
       " Name: error, dtype: float32,\n",
       " 'subj02': source\n",
       " PHC-2    5157.920898\n",
       " VO-2     5211.248047\n",
       " PHC-1    5353.651855\n",
       " VO-1     5366.352051\n",
       " TO-1     5469.051758\n",
       " LO-2     5599.638672\n",
       " LO-1     5952.505371\n",
       " V3       6206.214355\n",
       " V2       6266.370605\n",
       " TO-2     6489.022949\n",
       " hV4      6832.226074\n",
       " V1       6856.600098\n",
       " Name: error, dtype: float32,\n",
       " 'subj03': source\n",
       " VO-2     4454.354004\n",
       " V3       4837.339844\n",
       " PHC-1    4899.449707\n",
       " hV4      4991.247070\n",
       " TO-1     5136.125977\n",
       " PHC-2    5213.922363\n",
       " V2       5269.404297\n",
       " VO-1     5335.218262\n",
       " LO-1     5465.896973\n",
       " V1       5607.233887\n",
       " LO-2     5888.552734\n",
       " TO-2     6229.059570\n",
       " Name: error, dtype: float32,\n",
       " 'subj04': source\n",
       " VO-1     4290.905273\n",
       " VO-2     4553.198730\n",
       " PHC-1    4741.291504\n",
       " PHC-2    4809.387207\n",
       " TO-1     4908.246582\n",
       " LO-1     5164.354980\n",
       " hV4      5226.128906\n",
       " LO-2     5249.185547\n",
       " V3       5463.237793\n",
       " V2       5659.730469\n",
       " TO-2     5693.489258\n",
       " V1       5821.902832\n",
       " Name: error, dtype: float32,\n",
       " 'subj05': source\n",
       " PHC-1    4380.808594\n",
       " VO-1     4841.730469\n",
       " VO-2     4950.387207\n",
       " PHC-2    4963.281250\n",
       " LO-1     5002.860840\n",
       " LO-2     5104.254395\n",
       " V3       5226.493652\n",
       " hV4      5305.439941\n",
       " TO-1     5480.344238\n",
       " TO-2     5840.547852\n",
       " V2       5906.159668\n",
       " V1       6306.533203\n",
       " Name: error, dtype: float32,\n",
       " 'subj06': source\n",
       " PHC-1    5446.552734\n",
       " PHC-2    5681.198730\n",
       " V3       5704.945312\n",
       " LO-2     5753.791504\n",
       " VO-1     5843.916016\n",
       " LO-1     5854.570801\n",
       " VO-2     5889.003418\n",
       " V2       6160.963867\n",
       " TO-1     6398.470215\n",
       " TO-2     6574.385742\n",
       " hV4      6625.674805\n",
       " V1       6876.336426\n",
       " Name: error, dtype: float32,\n",
       " 'subj07': source\n",
       " V3       5917.895020\n",
       " V2       6070.670410\n",
       " VO-2     6241.379883\n",
       " V1       6247.164551\n",
       " hV4      6356.497070\n",
       " VO-1     6434.253418\n",
       " PHC-1    6581.362793\n",
       " LO-1     6681.573242\n",
       " TO-1     6875.035645\n",
       " LO-2     7146.249512\n",
       " TO-2     7379.016113\n",
       " PHC-2    7524.736328\n",
       " Name: error, dtype: float32,\n",
       " 'subj08': source\n",
       " V3       4894.390625\n",
       " PHC-1    4917.510254\n",
       " VO-2     4931.557617\n",
       " V2       4976.530273\n",
       " hV4      5191.679199\n",
       " LO-1     5289.187500\n",
       " VO-1     5416.633301\n",
       " LO-2     5500.562500\n",
       " V1       5564.535156\n",
       " PHC-2    5618.909668\n",
       " TO-1     5716.602051\n",
       " TO-2     6104.232422\n",
       " Name: error, dtype: float32}"
      ]
     },
     "execution_count": 124,
     "metadata": {},
     "output_type": "execute_result"
    }
   ],
   "source": [
    "rank_dict_values"
   ]
  },
  {
   "cell_type": "code",
   "execution_count": 73,
   "id": "cfab722d-f850-4a98-895b-82bc30da9de6",
   "metadata": {},
   "outputs": [],
   "source": [
    "res = stats.weightedtau(rank_01_int, rank_02_int, additive=False)"
   ]
  },
  {
   "cell_type": "code",
   "execution_count": 107,
   "id": "a34ada19-799a-486c-af5a-8fd7dccb25d0",
   "metadata": {},
   "outputs": [],
   "source": [
    "corr = np.zeros((len(subj_list), len(subj_list)))\n",
    "p_values = np.zeros((len(subj_list), len(subj_list)))\n",
    "\n",
    "for i in range(len(subj_list)):\n",
    "    for j in range(len(subj_list)):\n",
    "        res = stats.kendalltau(list(rank_dict.values())[i], list(rank_dict.values())[j])\n",
    "        corr[i, j] = res.correlation\n",
    "        p_values[i, j] = round(res.pvalue, 5)\n",
    "        "
   ]
  },
  {
   "cell_type": "code",
   "execution_count": 108,
   "id": "5573bbcb-e836-476e-842f-56b6ba0b9f8d",
   "metadata": {},
   "outputs": [
    {
     "data": {
      "text/html": [
       "<div>\n",
       "<style scoped>\n",
       "    .dataframe tbody tr th:only-of-type {\n",
       "        vertical-align: middle;\n",
       "    }\n",
       "\n",
       "    .dataframe tbody tr th {\n",
       "        vertical-align: top;\n",
       "    }\n",
       "\n",
       "    .dataframe thead th {\n",
       "        text-align: right;\n",
       "    }\n",
       "</style>\n",
       "<table border=\"1\" class=\"dataframe\">\n",
       "  <thead>\n",
       "    <tr style=\"text-align: right;\">\n",
       "      <th></th>\n",
       "      <th>subj01</th>\n",
       "      <th>subj02</th>\n",
       "      <th>subj03</th>\n",
       "      <th>subj04</th>\n",
       "      <th>subj05</th>\n",
       "      <th>subj06</th>\n",
       "      <th>subj07</th>\n",
       "      <th>subj08</th>\n",
       "    </tr>\n",
       "  </thead>\n",
       "  <tbody>\n",
       "    <tr>\n",
       "      <th>subj01</th>\n",
       "      <td>1.000000</td>\n",
       "      <td>0.272727</td>\n",
       "      <td>0.060606</td>\n",
       "      <td>-0.030303</td>\n",
       "      <td>0.303030</td>\n",
       "      <td>0.272727</td>\n",
       "      <td>-0.121212</td>\n",
       "      <td>-0.606061</td>\n",
       "    </tr>\n",
       "    <tr>\n",
       "      <th>subj02</th>\n",
       "      <td>0.272727</td>\n",
       "      <td>1.000000</td>\n",
       "      <td>-0.303030</td>\n",
       "      <td>0.030303</td>\n",
       "      <td>0.424242</td>\n",
       "      <td>0.272727</td>\n",
       "      <td>-0.121212</td>\n",
       "      <td>-0.121212</td>\n",
       "    </tr>\n",
       "    <tr>\n",
       "      <th>subj03</th>\n",
       "      <td>0.060606</td>\n",
       "      <td>-0.303030</td>\n",
       "      <td>1.000000</td>\n",
       "      <td>0.242424</td>\n",
       "      <td>-0.090909</td>\n",
       "      <td>-0.303030</td>\n",
       "      <td>0.151515</td>\n",
       "      <td>0.151515</td>\n",
       "    </tr>\n",
       "    <tr>\n",
       "      <th>subj04</th>\n",
       "      <td>-0.030303</td>\n",
       "      <td>0.030303</td>\n",
       "      <td>0.242424</td>\n",
       "      <td>1.000000</td>\n",
       "      <td>-0.060606</td>\n",
       "      <td>-0.212121</td>\n",
       "      <td>-0.121212</td>\n",
       "      <td>0.121212</td>\n",
       "    </tr>\n",
       "    <tr>\n",
       "      <th>subj05</th>\n",
       "      <td>0.303030</td>\n",
       "      <td>0.424242</td>\n",
       "      <td>-0.090909</td>\n",
       "      <td>-0.060606</td>\n",
       "      <td>1.000000</td>\n",
       "      <td>0.666667</td>\n",
       "      <td>-0.090909</td>\n",
       "      <td>-0.454545</td>\n",
       "    </tr>\n",
       "    <tr>\n",
       "      <th>subj06</th>\n",
       "      <td>0.272727</td>\n",
       "      <td>0.272727</td>\n",
       "      <td>-0.303030</td>\n",
       "      <td>-0.212121</td>\n",
       "      <td>0.666667</td>\n",
       "      <td>1.000000</td>\n",
       "      <td>-0.181818</td>\n",
       "      <td>-0.424242</td>\n",
       "    </tr>\n",
       "    <tr>\n",
       "      <th>subj07</th>\n",
       "      <td>-0.121212</td>\n",
       "      <td>-0.121212</td>\n",
       "      <td>0.151515</td>\n",
       "      <td>-0.121212</td>\n",
       "      <td>-0.090909</td>\n",
       "      <td>-0.181818</td>\n",
       "      <td>1.000000</td>\n",
       "      <td>0.333333</td>\n",
       "    </tr>\n",
       "    <tr>\n",
       "      <th>subj08</th>\n",
       "      <td>-0.606061</td>\n",
       "      <td>-0.121212</td>\n",
       "      <td>0.151515</td>\n",
       "      <td>0.121212</td>\n",
       "      <td>-0.454545</td>\n",
       "      <td>-0.424242</td>\n",
       "      <td>0.333333</td>\n",
       "      <td>1.000000</td>\n",
       "    </tr>\n",
       "  </tbody>\n",
       "</table>\n",
       "</div>"
      ],
      "text/plain": [
       "          subj01    subj02    subj03    subj04    subj05    subj06    subj07  \\\n",
       "subj01  1.000000  0.272727  0.060606 -0.030303  0.303030  0.272727 -0.121212   \n",
       "subj02  0.272727  1.000000 -0.303030  0.030303  0.424242  0.272727 -0.121212   \n",
       "subj03  0.060606 -0.303030  1.000000  0.242424 -0.090909 -0.303030  0.151515   \n",
       "subj04 -0.030303  0.030303  0.242424  1.000000 -0.060606 -0.212121 -0.121212   \n",
       "subj05  0.303030  0.424242 -0.090909 -0.060606  1.000000  0.666667 -0.090909   \n",
       "subj06  0.272727  0.272727 -0.303030 -0.212121  0.666667  1.000000 -0.181818   \n",
       "subj07 -0.121212 -0.121212  0.151515 -0.121212 -0.090909 -0.181818  1.000000   \n",
       "subj08 -0.606061 -0.121212  0.151515  0.121212 -0.454545 -0.424242  0.333333   \n",
       "\n",
       "          subj08  \n",
       "subj01 -0.606061  \n",
       "subj02 -0.121212  \n",
       "subj03  0.151515  \n",
       "subj04  0.121212  \n",
       "subj05 -0.454545  \n",
       "subj06 -0.424242  \n",
       "subj07  0.333333  \n",
       "subj08  1.000000  "
      ]
     },
     "execution_count": 108,
     "metadata": {},
     "output_type": "execute_result"
    }
   ],
   "source": [
    "corr_df = pd.DataFrame(corr, columns=rank_dict.keys(), index=rank_dict.keys())\n",
    "corr_df"
   ]
  },
  {
   "cell_type": "code",
   "execution_count": 109,
   "id": "936b738f-88d0-4107-b701-2f2caa8bd6a1",
   "metadata": {},
   "outputs": [
    {
     "data": {
      "text/html": [
       "<div>\n",
       "<style scoped>\n",
       "    .dataframe tbody tr th:only-of-type {\n",
       "        vertical-align: middle;\n",
       "    }\n",
       "\n",
       "    .dataframe tbody tr th {\n",
       "        vertical-align: top;\n",
       "    }\n",
       "\n",
       "    .dataframe thead th {\n",
       "        text-align: right;\n",
       "    }\n",
       "</style>\n",
       "<table border=\"1\" class=\"dataframe\">\n",
       "  <thead>\n",
       "    <tr style=\"text-align: right;\">\n",
       "      <th></th>\n",
       "      <th>subj01</th>\n",
       "      <th>subj02</th>\n",
       "      <th>subj03</th>\n",
       "      <th>subj04</th>\n",
       "      <th>subj05</th>\n",
       "      <th>subj06</th>\n",
       "      <th>subj07</th>\n",
       "      <th>subj08</th>\n",
       "    </tr>\n",
       "  </thead>\n",
       "  <tbody>\n",
       "    <tr>\n",
       "      <th>subj01</th>\n",
       "      <td>0.00000</td>\n",
       "      <td>0.24958</td>\n",
       "      <td>0.84059</td>\n",
       "      <td>0.94656</td>\n",
       "      <td>0.19695</td>\n",
       "      <td>0.24958</td>\n",
       "      <td>0.63836</td>\n",
       "      <td>0.00538</td>\n",
       "    </tr>\n",
       "    <tr>\n",
       "      <th>subj02</th>\n",
       "      <td>0.24958</td>\n",
       "      <td>0.00000</td>\n",
       "      <td>0.19695</td>\n",
       "      <td>0.94656</td>\n",
       "      <td>0.06287</td>\n",
       "      <td>0.24958</td>\n",
       "      <td>0.63836</td>\n",
       "      <td>0.63836</td>\n",
       "    </tr>\n",
       "    <tr>\n",
       "      <th>subj03</th>\n",
       "      <td>0.84059</td>\n",
       "      <td>0.19695</td>\n",
       "      <td>0.00000</td>\n",
       "      <td>0.31081</td>\n",
       "      <td>0.73731</td>\n",
       "      <td>0.19695</td>\n",
       "      <td>0.54520</td>\n",
       "      <td>0.54520</td>\n",
       "    </tr>\n",
       "    <tr>\n",
       "      <th>subj04</th>\n",
       "      <td>0.94656</td>\n",
       "      <td>0.94656</td>\n",
       "      <td>0.31081</td>\n",
       "      <td>0.00000</td>\n",
       "      <td>0.84059</td>\n",
       "      <td>0.38070</td>\n",
       "      <td>0.63836</td>\n",
       "      <td>0.63836</td>\n",
       "    </tr>\n",
       "    <tr>\n",
       "      <th>subj05</th>\n",
       "      <td>0.19695</td>\n",
       "      <td>0.06287</td>\n",
       "      <td>0.73731</td>\n",
       "      <td>0.84059</td>\n",
       "      <td>0.00000</td>\n",
       "      <td>0.00180</td>\n",
       "      <td>0.73731</td>\n",
       "      <td>0.04474</td>\n",
       "    </tr>\n",
       "    <tr>\n",
       "      <th>subj06</th>\n",
       "      <td>0.24958</td>\n",
       "      <td>0.24958</td>\n",
       "      <td>0.19695</td>\n",
       "      <td>0.38070</td>\n",
       "      <td>0.00180</td>\n",
       "      <td>0.00000</td>\n",
       "      <td>0.45902</td>\n",
       "      <td>0.06287</td>\n",
       "    </tr>\n",
       "    <tr>\n",
       "      <th>subj07</th>\n",
       "      <td>0.63836</td>\n",
       "      <td>0.63836</td>\n",
       "      <td>0.54520</td>\n",
       "      <td>0.63836</td>\n",
       "      <td>0.73731</td>\n",
       "      <td>0.45902</td>\n",
       "      <td>0.00000</td>\n",
       "      <td>0.15259</td>\n",
       "    </tr>\n",
       "    <tr>\n",
       "      <th>subj08</th>\n",
       "      <td>0.00538</td>\n",
       "      <td>0.63836</td>\n",
       "      <td>0.54520</td>\n",
       "      <td>0.63836</td>\n",
       "      <td>0.04474</td>\n",
       "      <td>0.06287</td>\n",
       "      <td>0.15259</td>\n",
       "      <td>0.00000</td>\n",
       "    </tr>\n",
       "  </tbody>\n",
       "</table>\n",
       "</div>"
      ],
      "text/plain": [
       "         subj01   subj02   subj03   subj04   subj05   subj06   subj07   subj08\n",
       "subj01  0.00000  0.24958  0.84059  0.94656  0.19695  0.24958  0.63836  0.00538\n",
       "subj02  0.24958  0.00000  0.19695  0.94656  0.06287  0.24958  0.63836  0.63836\n",
       "subj03  0.84059  0.19695  0.00000  0.31081  0.73731  0.19695  0.54520  0.54520\n",
       "subj04  0.94656  0.94656  0.31081  0.00000  0.84059  0.38070  0.63836  0.63836\n",
       "subj05  0.19695  0.06287  0.73731  0.84059  0.00000  0.00180  0.73731  0.04474\n",
       "subj06  0.24958  0.24958  0.19695  0.38070  0.00180  0.00000  0.45902  0.06287\n",
       "subj07  0.63836  0.63836  0.54520  0.63836  0.73731  0.45902  0.00000  0.15259\n",
       "subj08  0.00538  0.63836  0.54520  0.63836  0.04474  0.06287  0.15259  0.00000"
      ]
     },
     "execution_count": 109,
     "metadata": {},
     "output_type": "execute_result"
    }
   ],
   "source": [
    "pvalues_df = pd.DataFrame(p_values, columns=rank_dict.keys(), index=rank_dict.keys())\n",
    "pvalues_df"
   ]
  },
  {
   "cell_type": "code",
   "execution_count": 125,
   "id": "b4e0e0cf-3046-403e-99fd-154f386c5cde",
   "metadata": {},
   "outputs": [],
   "source": [
    "rank_total = np.zeros(len(rois))\n",
    "for i in range(len(subj_list)):\n",
    "    rank_total += list(rank_dict_values.values())[i]\n",
    "\n"
   ]
  },
  {
   "cell_type": "code",
   "execution_count": 127,
   "id": "be6580dc-cd36-4ec3-beb3-65d5e6a837fc",
   "metadata": {},
   "outputs": [
    {
     "data": {
      "text/plain": [
       "source\n",
       "VO-2     42259.394043\n",
       "PHC-1    42331.532227\n",
       "VO-1     43387.221680\n",
       "V3       44794.412109\n",
       "PHC-2    45138.485840\n",
       "LO-1     45486.438477\n",
       "LO-2     45651.568848\n",
       "TO-1     46509.054199\n",
       "V2       46907.472168\n",
       "hV4      47306.250977\n",
       "V1       50371.551270\n",
       "TO-2     50883.858398\n",
       "Name: error, dtype: float64"
      ]
     },
     "execution_count": 127,
     "metadata": {},
     "output_type": "execute_result"
    }
   ],
   "source": [
    "rank_total.sort_values()"
   ]
  },
  {
   "cell_type": "code",
   "execution_count": null,
   "id": "e352ddc1-148d-49b0-b075-55e2ca527c76",
   "metadata": {},
   "outputs": [],
   "source": []
  }
 ],
 "metadata": {
  "kernelspec": {
   "display_name": "Python 3 (ipykernel)",
   "language": "python",
   "name": "python3"
  },
  "language_info": {
   "codemirror_mode": {
    "name": "ipython",
    "version": 3
   },
   "file_extension": ".py",
   "mimetype": "text/x-python",
   "name": "python",
   "nbconvert_exporter": "python",
   "pygments_lexer": "ipython3",
   "version": "3.10.13"
  }
 },
 "nbformat": 4,
 "nbformat_minor": 5
}
