{
 "cells": [
  {
   "cell_type": "code",
   "execution_count": 1,
   "id": "4cfe8dc8-5b40-4f3d-86ec-96da010f96df",
   "metadata": {},
   "outputs": [],
   "source": [
    "import os\n",
    "import numpy as np\n",
    "import pandas as pd\n",
    "import matplotlib.pyplot as plt\n",
    "from utils.utils import *\n",
    "from utils.kabsch2D import *\n",
    "from nsd_access import NSDAccess \n",
    "from scipy import stats\n",
    "from utils.flips import create_rotation_df, get_ranking, get_rank_dict,get_distances\n",
    "from utils.stats import rank_correlation, parametric_test, wilcoxon_test, plot_colorcoded\n",
    "from scipy.spatial.distance import pdist"
   ]
  },
  {
   "cell_type": "markdown",
   "id": "2dd15920-67dd-434c-9f22-faa2c4b1040e",
   "metadata": {},
   "source": [
    "## This notebook was used to find which ROI to rotate to, which was also tested using a Wilcoxon test "
   ]
  },
  {
   "cell_type": "code",
   "execution_count": 2,
   "id": "832236c7-ad63-4881-9137-ff80b28d63c4",
   "metadata": {},
   "outputs": [],
   "source": [
    "def all_subj_rank(dict, rois, random=True):\n",
    "    \"\"\"\n",
    "    Take the dictionary containing the ranking for all participants and \n",
    "    return one final ranking, that is simply the sum of all rankings\n",
    "    \"\"\"\n",
    "    if random:\n",
    "        rank_total = np.zeros(len(rois) + 1)\n",
    "    else:\n",
    "        rank_total = np.zeros(len(rois))\n",
    "    for i in range(len(dict)):\n",
    "        rank_total += list(dict.values())[i]\n",
    "    return rank_total"
   ]
  },
  {
   "cell_type": "code",
   "execution_count": 3,
   "id": "03aa4f9b-617c-4490-854e-f807a8cf5ba2",
   "metadata": {},
   "outputs": [],
   "source": [
    "random= True # compare to random, False is broken for now \n",
    "rank_dict, rank_dict_values = get_rank_dict(subj_list, rois, random=random, mode='train')"
   ]
  },
  {
   "cell_type": "code",
   "execution_count": 4,
   "id": "196e7e2b-c421-4301-a0cd-e2e11d1a337b",
   "metadata": {},
   "outputs": [
    {
     "data": {
      "text/plain": [
       "source\n",
       "VO-1      5.134504\n",
       "VO-2      5.220071\n",
       "V3        5.264391\n",
       "hV4       5.350147\n",
       "PHC-2     5.370985\n",
       "LO-1      5.381541\n",
       "PHC-1     5.422336\n",
       "TO-2      5.452441\n",
       "V1        5.478031\n",
       "LO-2      5.484546\n",
       "V2        5.491694\n",
       "TO-1      5.709095\n",
       "random    6.897171\n",
       "Name: distance, dtype: float64"
      ]
     },
     "execution_count": 4,
     "metadata": {},
     "output_type": "execute_result"
    }
   ],
   "source": [
    "# Find the shortest disctance between all MDS when rotating to each \n",
    "\n",
    "# Here, VO-1 is the shortest; thus we use VO-1 as our target to rotated to\n",
    "rank_total = all_subj_rank(rank_dict_values, rois)\n",
    "rank_total.sort_values()"
   ]
  },
  {
   "cell_type": "code",
   "execution_count": 5,
   "id": "8abbdfe4-bd74-461d-879f-e31a6915f411",
   "metadata": {},
   "outputs": [
    {
     "name": "stdout",
     "output_type": "stream",
     "text": [
      "{'subj01': source\n",
      "VO-2      0.778605\n",
      "hV4       0.782447\n",
      "PHC-2     0.790272\n",
      "VO-1      0.798067\n",
      "V2        0.808884\n",
      "V1        0.812939\n",
      "PHC-1     0.817670\n",
      "V3        0.818235\n",
      "LO-1      0.820337\n",
      "TO-2      0.834086\n",
      "LO-2      0.849313\n",
      "TO-1      0.876706\n",
      "random    1.000000\n",
      "Name: distance, dtype: float32, 'subj02': source\n",
      "VO-1      0.762275\n",
      "LO-1      0.770523\n",
      "PHC-2     0.786150\n",
      "V3        0.789874\n",
      "TO-2      0.790313\n",
      "LO-2      0.792152\n",
      "TO-1      0.795175\n",
      "hV4       0.797215\n",
      "V1        0.798223\n",
      "VO-2      0.804152\n",
      "V2        0.820595\n",
      "PHC-1     0.865566\n",
      "random    1.000000\n",
      "Name: distance, dtype: float32, 'subj03': source\n",
      "VO-2      0.712154\n",
      "V3        0.713164\n",
      "VO-1      0.722817\n",
      "TO-2      0.724674\n",
      "PHC-1     0.726010\n",
      "LO-1      0.742077\n",
      "V1        0.742728\n",
      "hV4       0.749073\n",
      "V2        0.755571\n",
      "PHC-2     0.768159\n",
      "LO-2      0.793802\n",
      "TO-1      0.823748\n",
      "random    1.000000\n",
      "Name: distance, dtype: float32, 'subj04': source\n",
      "VO-1      0.742009\n",
      "PHC-2     0.744215\n",
      "LO-1      0.754868\n",
      "LO-2      0.755761\n",
      "PHC-1     0.760472\n",
      "TO-2      0.776375\n",
      "TO-1      0.781359\n",
      "VO-2      0.782929\n",
      "V1        0.784141\n",
      "V3        0.786520\n",
      "V2        0.797800\n",
      "hV4       0.802435\n",
      "random    1.000000\n",
      "Name: distance, dtype: float32, 'subj05': source\n",
      "LO-2      0.709056\n",
      "VO-1      0.709945\n",
      "PHC-1     0.734619\n",
      "PHC-2     0.743135\n",
      "VO-2      0.744678\n",
      "LO-1      0.746717\n",
      "TO-2      0.754948\n",
      "TO-1      0.756907\n",
      "V3        0.758591\n",
      "hV4       0.787522\n",
      "V2        0.808477\n",
      "V1        0.816473\n",
      "random    1.000000\n",
      "Name: distance, dtype: float32, 'subj06': source\n",
      "VO-2      0.749997\n",
      "TO-2      0.784983\n",
      "VO-1      0.790461\n",
      "LO-2      0.790665\n",
      "V3        0.807109\n",
      "hV4       0.811990\n",
      "PHC-2     0.814007\n",
      "LO-1      0.822556\n",
      "TO-1      0.824841\n",
      "V1        0.843963\n",
      "PHC-1     0.864190\n",
      "V2        0.871316\n",
      "random    1.000000\n",
      "Name: distance, dtype: float32, 'subj07': source\n",
      "V3        0.710808\n",
      "VO-1      0.726353\n",
      "hV4       0.739501\n",
      "VO-2      0.747705\n",
      "V2        0.751403\n",
      "PHC-1     0.757785\n",
      "V1        0.765256\n",
      "PHC-2     0.774465\n",
      "LO-1      0.774740\n",
      "LO-2      0.854557\n",
      "TO-2      0.899619\n",
      "TO-1      0.922309\n",
      "random    1.000000\n",
      "Name: distance, dtype: float32, 'subj08': source\n",
      "VO-1      0.703650\n",
      "V3        0.721590\n",
      "VO-2      0.733999\n",
      "hV4       0.734873\n",
      "V2        0.755356\n",
      "TO-2      0.759197\n",
      "PHC-1     0.763001\n",
      "V1        0.790221\n",
      "PHC-2     0.810166\n",
      "LO-1      0.811207\n",
      "LO-2      0.817331\n",
      "TO-1      0.842016\n",
      "random    1.000000\n",
      "Name: distance, dtype: float32}\n",
      "source\n",
      "VO-1      5.955576\n",
      "VO-2      6.054220\n",
      "V3        6.105891\n",
      "hV4       6.205057\n",
      "PHC-2     6.230567\n",
      "LO-1      6.243025\n",
      "PHC-1     6.289314\n",
      "TO-2      6.324194\n",
      "V1        6.353944\n",
      "LO-2      6.362637\n",
      "V2        6.369403\n",
      "TO-1      6.623063\n",
      "random    8.000000\n",
      "Name: distance, dtype: float64\n"
     ]
    }
   ],
   "source": [
    "rank_dict_values_norm = {key : (value) / (value.max()) for key, value in rank_dict_values.items()} #normalize with random\n",
    "print(rank_dict_values_norm)\n",
    "rank_total_norm = all_subj_rank(rank_dict_values_norm, rois)\n",
    "print(rank_total_norm.sort_values()) \n",
    "\n",
    "# Normalized best target for each subject"
   ]
  },
  {
   "cell_type": "markdown",
   "id": "855ed813-bbab-492f-a8fe-70796e36c090",
   "metadata": {},
   "source": [
    "## WILCOXON TEST \n",
    "\n",
    "## Compared the difference obtained for rotated all ROIs to MDS A and the ones obtained from rotating to MDS B. So, for example, the z=0.786591 obtained in [0,1] is the z value for the difference between distances elicited in all ROI when rotating to V1 compared to when rotating to V1, excluding the two targets"
   ]
  },
  {
   "cell_type": "code",
   "execution_count": 6,
   "id": "8b75d4e1-9aca-4ab8-9ec7-a54d404aa0ac",
   "metadata": {},
   "outputs": [
    {
     "data": {
      "text/html": [
       "<div>\n",
       "<style scoped>\n",
       "    .dataframe tbody tr th:only-of-type {\n",
       "        vertical-align: middle;\n",
       "    }\n",
       "\n",
       "    .dataframe tbody tr th {\n",
       "        vertical-align: top;\n",
       "    }\n",
       "\n",
       "    .dataframe thead th {\n",
       "        text-align: right;\n",
       "    }\n",
       "</style>\n",
       "<table border=\"1\" class=\"dataframe\">\n",
       "  <thead>\n",
       "    <tr style=\"text-align: right;\">\n",
       "      <th></th>\n",
       "      <th>V1</th>\n",
       "      <th>V2</th>\n",
       "      <th>V3</th>\n",
       "      <th>hV4</th>\n",
       "      <th>VO-1</th>\n",
       "      <th>VO-2</th>\n",
       "      <th>PHC-1</th>\n",
       "      <th>PHC-2</th>\n",
       "      <th>LO-1</th>\n",
       "      <th>LO-2</th>\n",
       "      <th>TO-1</th>\n",
       "      <th>TO-2</th>\n",
       "    </tr>\n",
       "  </thead>\n",
       "  <tbody>\n",
       "    <tr>\n",
       "      <th>V1</th>\n",
       "      <td>0</td>\n",
       "      <td>0.786591</td>\n",
       "      <td>2.796235</td>\n",
       "      <td>-0.03837</td>\n",
       "      <td>4.014492</td>\n",
       "      <td>1.913719</td>\n",
       "      <td>1.021609</td>\n",
       "      <td>1.553997</td>\n",
       "      <td>-0.436462</td>\n",
       "      <td>-0.115111</td>\n",
       "      <td>-0.80098</td>\n",
       "      <td>0.249407</td>\n",
       "    </tr>\n",
       "    <tr>\n",
       "      <th>V2</th>\n",
       "      <td>-0.786591</td>\n",
       "      <td>0</td>\n",
       "      <td>1.971274</td>\n",
       "      <td>1.09835</td>\n",
       "      <td>3.016865</td>\n",
       "      <td>2.887365</td>\n",
       "      <td>0.431666</td>\n",
       "      <td>1.247035</td>\n",
       "      <td>0.330944</td>\n",
       "      <td>-0.330944</td>\n",
       "      <td>-0.872924</td>\n",
       "      <td>-0.259</td>\n",
       "    </tr>\n",
       "    <tr>\n",
       "      <th>V3</th>\n",
       "      <td>-2.796235</td>\n",
       "      <td>-1.971274</td>\n",
       "      <td>0</td>\n",
       "      <td>-1.462868</td>\n",
       "      <td>2.187107</td>\n",
       "      <td>-0.028778</td>\n",
       "      <td>-1.482053</td>\n",
       "      <td>0.172666</td>\n",
       "      <td>-0.997628</td>\n",
       "      <td>-1.347757</td>\n",
       "      <td>-2.004848</td>\n",
       "      <td>-1.381331</td>\n",
       "    </tr>\n",
       "    <tr>\n",
       "      <th>hV4</th>\n",
       "      <td>0.03837</td>\n",
       "      <td>-1.09835</td>\n",
       "      <td>1.462868</td>\n",
       "      <td>0</td>\n",
       "      <td>2.44131</td>\n",
       "      <td>2.426921</td>\n",
       "      <td>0.450851</td>\n",
       "      <td>0.652295</td>\n",
       "      <td>-0.139092</td>\n",
       "      <td>-0.681073</td>\n",
       "      <td>-1.218257</td>\n",
       "      <td>-0.585147</td>\n",
       "    </tr>\n",
       "    <tr>\n",
       "      <th>VO-1</th>\n",
       "      <td>-4.014492</td>\n",
       "      <td>-3.016865</td>\n",
       "      <td>-2.187107</td>\n",
       "      <td>-2.44131</td>\n",
       "      <td>0</td>\n",
       "      <td>-0.988035</td>\n",
       "      <td>-1.8082</td>\n",
       "      <td>-0.431666</td>\n",
       "      <td>-1.232646</td>\n",
       "      <td>-1.611552</td>\n",
       "      <td>-2.239866</td>\n",
       "      <td>-2.206292</td>\n",
       "    </tr>\n",
       "    <tr>\n",
       "      <th>VO-2</th>\n",
       "      <td>-1.913719</td>\n",
       "      <td>-2.887365</td>\n",
       "      <td>0.028778</td>\n",
       "      <td>-2.426921</td>\n",
       "      <td>0.988035</td>\n",
       "      <td>0</td>\n",
       "      <td>0.978443</td>\n",
       "      <td>-0.239814</td>\n",
       "      <td>-1.184683</td>\n",
       "      <td>-1.592367</td>\n",
       "      <td>-2.163126</td>\n",
       "      <td>-1.904126</td>\n",
       "    </tr>\n",
       "    <tr>\n",
       "      <th>PHC-1</th>\n",
       "      <td>-1.021609</td>\n",
       "      <td>-0.431666</td>\n",
       "      <td>1.482053</td>\n",
       "      <td>-0.450851</td>\n",
       "      <td>1.8082</td>\n",
       "      <td>-0.978443</td>\n",
       "      <td>0</td>\n",
       "      <td>1.050387</td>\n",
       "      <td>-0.527592</td>\n",
       "      <td>-0.853739</td>\n",
       "      <td>-1.573182</td>\n",
       "      <td>-1.112739</td>\n",
       "    </tr>\n",
       "    <tr>\n",
       "      <th>PHC-2</th>\n",
       "      <td>-1.553997</td>\n",
       "      <td>-1.247035</td>\n",
       "      <td>-0.172666</td>\n",
       "      <td>-0.652295</td>\n",
       "      <td>0.431666</td>\n",
       "      <td>0.239814</td>\n",
       "      <td>-1.050387</td>\n",
       "      <td>0</td>\n",
       "      <td>-2.690717</td>\n",
       "      <td>-3.275864</td>\n",
       "      <td>-4.849046</td>\n",
       "      <td>-2.119959</td>\n",
       "    </tr>\n",
       "    <tr>\n",
       "      <th>LO-1</th>\n",
       "      <td>0.436462</td>\n",
       "      <td>-0.330944</td>\n",
       "      <td>0.997628</td>\n",
       "      <td>0.139092</td>\n",
       "      <td>1.232646</td>\n",
       "      <td>1.184683</td>\n",
       "      <td>0.527592</td>\n",
       "      <td>2.690717</td>\n",
       "      <td>0</td>\n",
       "      <td>-2.153533</td>\n",
       "      <td>-3.208716</td>\n",
       "      <td>-0.93048</td>\n",
       "    </tr>\n",
       "    <tr>\n",
       "      <th>LO-2</th>\n",
       "      <td>0.115111</td>\n",
       "      <td>0.330944</td>\n",
       "      <td>1.347757</td>\n",
       "      <td>0.681073</td>\n",
       "      <td>1.611552</td>\n",
       "      <td>1.592367</td>\n",
       "      <td>0.853739</td>\n",
       "      <td>3.275864</td>\n",
       "      <td>2.153533</td>\n",
       "      <td>0</td>\n",
       "      <td>-1.184683</td>\n",
       "      <td>0.100722</td>\n",
       "    </tr>\n",
       "    <tr>\n",
       "      <th>TO-1</th>\n",
       "      <td>0.80098</td>\n",
       "      <td>0.872924</td>\n",
       "      <td>2.004848</td>\n",
       "      <td>1.218257</td>\n",
       "      <td>2.239866</td>\n",
       "      <td>2.163126</td>\n",
       "      <td>1.573182</td>\n",
       "      <td>4.849046</td>\n",
       "      <td>3.208716</td>\n",
       "      <td>1.184683</td>\n",
       "      <td>0</td>\n",
       "      <td>0.959257</td>\n",
       "    </tr>\n",
       "    <tr>\n",
       "      <th>TO-2</th>\n",
       "      <td>-0.249407</td>\n",
       "      <td>0.259</td>\n",
       "      <td>1.381331</td>\n",
       "      <td>0.585147</td>\n",
       "      <td>2.206292</td>\n",
       "      <td>1.904126</td>\n",
       "      <td>1.112739</td>\n",
       "      <td>2.119959</td>\n",
       "      <td>0.93048</td>\n",
       "      <td>-0.100722</td>\n",
       "      <td>-0.959257</td>\n",
       "      <td>0</td>\n",
       "    </tr>\n",
       "  </tbody>\n",
       "</table>\n",
       "</div>"
      ],
      "text/plain": [
       "             V1        V2        V3       hV4      VO-1      VO-2     PHC-1  \\\n",
       "V1            0  0.786591  2.796235  -0.03837  4.014492  1.913719  1.021609   \n",
       "V2    -0.786591         0  1.971274   1.09835  3.016865  2.887365  0.431666   \n",
       "V3    -2.796235 -1.971274         0 -1.462868  2.187107 -0.028778 -1.482053   \n",
       "hV4     0.03837  -1.09835  1.462868         0   2.44131  2.426921  0.450851   \n",
       "VO-1  -4.014492 -3.016865 -2.187107  -2.44131         0 -0.988035   -1.8082   \n",
       "VO-2  -1.913719 -2.887365  0.028778 -2.426921  0.988035         0  0.978443   \n",
       "PHC-1 -1.021609 -0.431666  1.482053 -0.450851    1.8082 -0.978443         0   \n",
       "PHC-2 -1.553997 -1.247035 -0.172666 -0.652295  0.431666  0.239814 -1.050387   \n",
       "LO-1   0.436462 -0.330944  0.997628  0.139092  1.232646  1.184683  0.527592   \n",
       "LO-2   0.115111  0.330944  1.347757  0.681073  1.611552  1.592367  0.853739   \n",
       "TO-1    0.80098  0.872924  2.004848  1.218257  2.239866  2.163126  1.573182   \n",
       "TO-2  -0.249407     0.259  1.381331  0.585147  2.206292  1.904126  1.112739   \n",
       "\n",
       "          PHC-2      LO-1      LO-2      TO-1      TO-2  \n",
       "V1     1.553997 -0.436462 -0.115111  -0.80098  0.249407  \n",
       "V2     1.247035  0.330944 -0.330944 -0.872924    -0.259  \n",
       "V3     0.172666 -0.997628 -1.347757 -2.004848 -1.381331  \n",
       "hV4    0.652295 -0.139092 -0.681073 -1.218257 -0.585147  \n",
       "VO-1  -0.431666 -1.232646 -1.611552 -2.239866 -2.206292  \n",
       "VO-2  -0.239814 -1.184683 -1.592367 -2.163126 -1.904126  \n",
       "PHC-1  1.050387 -0.527592 -0.853739 -1.573182 -1.112739  \n",
       "PHC-2         0 -2.690717 -3.275864 -4.849046 -2.119959  \n",
       "LO-1   2.690717         0 -2.153533 -3.208716  -0.93048  \n",
       "LO-2   3.275864  2.153533         0 -1.184683  0.100722  \n",
       "TO-1   4.849046  3.208716  1.184683         0  0.959257  \n",
       "TO-2   2.119959   0.93048 -0.100722 -0.959257         0  "
      ]
     },
     "execution_count": 6,
     "metadata": {},
     "output_type": "execute_result"
    }
   ],
   "source": [
    "z_values_df_W, p_values_df_W, median_df_W = wilcoxon_test(subj_list, rois, mode='train')\n",
    "z_values_df_W # check z values "
   ]
  },
  {
   "cell_type": "code",
   "execution_count": 3,
   "id": "2286e433-a206-414c-88be-6295b29ecba0",
   "metadata": {},
   "outputs": [
    {
     "data": {
      "text/html": [
       "<div>\n",
       "<style scoped>\n",
       "    .dataframe tbody tr th:only-of-type {\n",
       "        vertical-align: middle;\n",
       "    }\n",
       "\n",
       "    .dataframe tbody tr th {\n",
       "        vertical-align: top;\n",
       "    }\n",
       "\n",
       "    .dataframe thead th {\n",
       "        text-align: right;\n",
       "    }\n",
       "</style>\n",
       "<table border=\"1\" class=\"dataframe\">\n",
       "  <thead>\n",
       "    <tr style=\"text-align: right;\">\n",
       "      <th></th>\n",
       "      <th>V1</th>\n",
       "      <th>V2</th>\n",
       "      <th>V3</th>\n",
       "      <th>hV4</th>\n",
       "      <th>VO-1</th>\n",
       "      <th>VO-2</th>\n",
       "      <th>PHC-1</th>\n",
       "      <th>PHC-2</th>\n",
       "      <th>LO-1</th>\n",
       "      <th>LO-2</th>\n",
       "      <th>TO-1</th>\n",
       "      <th>TO-2</th>\n",
       "    </tr>\n",
       "  </thead>\n",
       "  <tbody>\n",
       "    <tr>\n",
       "      <th>V1</th>\n",
       "      <td>0</td>\n",
       "      <td>0.012716</td>\n",
       "      <td>0.02358</td>\n",
       "      <td>-0.012048</td>\n",
       "      <td>0.036895</td>\n",
       "      <td>0.008336</td>\n",
       "      <td>0.017559</td>\n",
       "      <td>0.015603</td>\n",
       "      <td>-0.002082</td>\n",
       "      <td>-0.010055</td>\n",
       "      <td>-0.025534</td>\n",
       "      <td>0.015002</td>\n",
       "    </tr>\n",
       "    <tr>\n",
       "      <th>V2</th>\n",
       "      <td>-0.012716</td>\n",
       "      <td>0</td>\n",
       "      <td>0.011913</td>\n",
       "      <td>0.006662</td>\n",
       "      <td>0.029208</td>\n",
       "      <td>0.021916</td>\n",
       "      <td>0.01217</td>\n",
       "      <td>0.032893</td>\n",
       "      <td>0.007435</td>\n",
       "      <td>-0.011122</td>\n",
       "      <td>-0.01873</td>\n",
       "      <td>-0.009268</td>\n",
       "    </tr>\n",
       "    <tr>\n",
       "      <th>V3</th>\n",
       "      <td>-0.02358</td>\n",
       "      <td>-0.011913</td>\n",
       "      <td>0</td>\n",
       "      <td>-0.016726</td>\n",
       "      <td>0.011733</td>\n",
       "      <td>-0.004303</td>\n",
       "      <td>-0.007307</td>\n",
       "      <td>0.003774</td>\n",
       "      <td>-0.022177</td>\n",
       "      <td>-0.053623</td>\n",
       "      <td>-0.0557</td>\n",
       "      <td>-0.009243</td>\n",
       "    </tr>\n",
       "    <tr>\n",
       "      <th>hV4</th>\n",
       "      <td>0.012048</td>\n",
       "      <td>-0.006662</td>\n",
       "      <td>0.016726</td>\n",
       "      <td>0</td>\n",
       "      <td>0.030945</td>\n",
       "      <td>0.011323</td>\n",
       "      <td>0.023196</td>\n",
       "      <td>0.017745</td>\n",
       "      <td>-0.003936</td>\n",
       "      <td>-0.020787</td>\n",
       "      <td>-0.029377</td>\n",
       "      <td>-0.000517</td>\n",
       "    </tr>\n",
       "    <tr>\n",
       "      <th>VO-1</th>\n",
       "      <td>-0.036895</td>\n",
       "      <td>-0.029208</td>\n",
       "      <td>-0.011733</td>\n",
       "      <td>-0.030945</td>\n",
       "      <td>0</td>\n",
       "      <td>-0.022621</td>\n",
       "      <td>-0.024958</td>\n",
       "      <td>-0.012801</td>\n",
       "      <td>-0.021965</td>\n",
       "      <td>-0.024649</td>\n",
       "      <td>-0.0427</td>\n",
       "      <td>-0.024048</td>\n",
       "    </tr>\n",
       "    <tr>\n",
       "      <th>VO-2</th>\n",
       "      <td>-0.008336</td>\n",
       "      <td>-0.021916</td>\n",
       "      <td>0.004303</td>\n",
       "      <td>-0.011323</td>\n",
       "      <td>0.022621</td>\n",
       "      <td>0</td>\n",
       "      <td>0.002216</td>\n",
       "      <td>-0.016967</td>\n",
       "      <td>-0.036265</td>\n",
       "      <td>-0.043782</td>\n",
       "      <td>-0.065132</td>\n",
       "      <td>-0.019133</td>\n",
       "    </tr>\n",
       "    <tr>\n",
       "      <th>PHC-1</th>\n",
       "      <td>-0.017559</td>\n",
       "      <td>-0.01217</td>\n",
       "      <td>0.007307</td>\n",
       "      <td>-0.023196</td>\n",
       "      <td>0.024958</td>\n",
       "      <td>-0.002216</td>\n",
       "      <td>0</td>\n",
       "      <td>0.005369</td>\n",
       "      <td>-0.024264</td>\n",
       "      <td>-0.031319</td>\n",
       "      <td>-0.026865</td>\n",
       "      <td>-0.020551</td>\n",
       "    </tr>\n",
       "    <tr>\n",
       "      <th>PHC-2</th>\n",
       "      <td>-0.015603</td>\n",
       "      <td>-0.032893</td>\n",
       "      <td>-0.003774</td>\n",
       "      <td>-0.017745</td>\n",
       "      <td>0.012801</td>\n",
       "      <td>0.016967</td>\n",
       "      <td>-0.005369</td>\n",
       "      <td>0</td>\n",
       "      <td>-0.025046</td>\n",
       "      <td>-0.032365</td>\n",
       "      <td>-0.041776</td>\n",
       "      <td>-0.014834</td>\n",
       "    </tr>\n",
       "    <tr>\n",
       "      <th>LO-1</th>\n",
       "      <td>0.002082</td>\n",
       "      <td>-0.007435</td>\n",
       "      <td>0.022177</td>\n",
       "      <td>0.003936</td>\n",
       "      <td>0.021965</td>\n",
       "      <td>0.036265</td>\n",
       "      <td>0.024264</td>\n",
       "      <td>0.025046</td>\n",
       "      <td>0</td>\n",
       "      <td>-0.01481</td>\n",
       "      <td>-0.011056</td>\n",
       "      <td>-0.003768</td>\n",
       "    </tr>\n",
       "    <tr>\n",
       "      <th>LO-2</th>\n",
       "      <td>0.010055</td>\n",
       "      <td>0.011122</td>\n",
       "      <td>0.053623</td>\n",
       "      <td>0.020787</td>\n",
       "      <td>0.024649</td>\n",
       "      <td>0.043782</td>\n",
       "      <td>0.031319</td>\n",
       "      <td>0.032365</td>\n",
       "      <td>0.01481</td>\n",
       "      <td>0</td>\n",
       "      <td>-0.003321</td>\n",
       "      <td>0.020095</td>\n",
       "    </tr>\n",
       "    <tr>\n",
       "      <th>TO-1</th>\n",
       "      <td>0.025534</td>\n",
       "      <td>0.01873</td>\n",
       "      <td>0.0557</td>\n",
       "      <td>0.029377</td>\n",
       "      <td>0.0427</td>\n",
       "      <td>0.065132</td>\n",
       "      <td>0.026865</td>\n",
       "      <td>0.041776</td>\n",
       "      <td>0.011056</td>\n",
       "      <td>0.003321</td>\n",
       "      <td>0</td>\n",
       "      <td>0.004718</td>\n",
       "    </tr>\n",
       "    <tr>\n",
       "      <th>TO-2</th>\n",
       "      <td>-0.015002</td>\n",
       "      <td>0.009268</td>\n",
       "      <td>0.009243</td>\n",
       "      <td>0.000517</td>\n",
       "      <td>0.024048</td>\n",
       "      <td>0.019133</td>\n",
       "      <td>0.020551</td>\n",
       "      <td>0.014834</td>\n",
       "      <td>0.003768</td>\n",
       "      <td>-0.020095</td>\n",
       "      <td>-0.004718</td>\n",
       "      <td>0</td>\n",
       "    </tr>\n",
       "  </tbody>\n",
       "</table>\n",
       "</div>"
      ],
      "text/plain": [
       "             V1        V2        V3       hV4      VO-1      VO-2     PHC-1  \\\n",
       "V1            0  0.012716   0.02358 -0.012048  0.036895  0.008336  0.017559   \n",
       "V2    -0.012716         0  0.011913  0.006662  0.029208  0.021916   0.01217   \n",
       "V3     -0.02358 -0.011913         0 -0.016726  0.011733 -0.004303 -0.007307   \n",
       "hV4    0.012048 -0.006662  0.016726         0  0.030945  0.011323  0.023196   \n",
       "VO-1  -0.036895 -0.029208 -0.011733 -0.030945         0 -0.022621 -0.024958   \n",
       "VO-2  -0.008336 -0.021916  0.004303 -0.011323  0.022621         0  0.002216   \n",
       "PHC-1 -0.017559  -0.01217  0.007307 -0.023196  0.024958 -0.002216         0   \n",
       "PHC-2 -0.015603 -0.032893 -0.003774 -0.017745  0.012801  0.016967 -0.005369   \n",
       "LO-1   0.002082 -0.007435  0.022177  0.003936  0.021965  0.036265  0.024264   \n",
       "LO-2   0.010055  0.011122  0.053623  0.020787  0.024649  0.043782  0.031319   \n",
       "TO-1   0.025534   0.01873    0.0557  0.029377    0.0427  0.065132  0.026865   \n",
       "TO-2  -0.015002  0.009268  0.009243  0.000517  0.024048  0.019133  0.020551   \n",
       "\n",
       "          PHC-2      LO-1      LO-2      TO-1      TO-2  \n",
       "V1     0.015603 -0.002082 -0.010055 -0.025534  0.015002  \n",
       "V2     0.032893  0.007435 -0.011122  -0.01873 -0.009268  \n",
       "V3     0.003774 -0.022177 -0.053623   -0.0557 -0.009243  \n",
       "hV4    0.017745 -0.003936 -0.020787 -0.029377 -0.000517  \n",
       "VO-1  -0.012801 -0.021965 -0.024649   -0.0427 -0.024048  \n",
       "VO-2  -0.016967 -0.036265 -0.043782 -0.065132 -0.019133  \n",
       "PHC-1  0.005369 -0.024264 -0.031319 -0.026865 -0.020551  \n",
       "PHC-2         0 -0.025046 -0.032365 -0.041776 -0.014834  \n",
       "LO-1   0.025046         0  -0.01481 -0.011056 -0.003768  \n",
       "LO-2   0.032365   0.01481         0 -0.003321  0.020095  \n",
       "TO-1   0.041776  0.011056  0.003321         0  0.004718  \n",
       "TO-2   0.014834  0.003768 -0.020095 -0.004718         0  "
      ]
     },
     "execution_count": 3,
     "metadata": {},
     "output_type": "execute_result"
    }
   ],
   "source": [
    "median_df_W\n"
   ]
  },
  {
   "cell_type": "code",
   "execution_count": 4,
   "id": "4fed9e7a-7c5d-4772-9cbc-b22e2bd6c485",
   "metadata": {},
   "outputs": [
    {
     "data": {
      "text/html": [
       "<div>\n",
       "<style scoped>\n",
       "    .dataframe tbody tr th:only-of-type {\n",
       "        vertical-align: middle;\n",
       "    }\n",
       "\n",
       "    .dataframe tbody tr th {\n",
       "        vertical-align: top;\n",
       "    }\n",
       "\n",
       "    .dataframe thead th {\n",
       "        text-align: right;\n",
       "    }\n",
       "</style>\n",
       "<table border=\"1\" class=\"dataframe\">\n",
       "  <thead>\n",
       "    <tr style=\"text-align: right;\">\n",
       "      <th></th>\n",
       "      <th>V1</th>\n",
       "      <th>V2</th>\n",
       "      <th>V3</th>\n",
       "      <th>hV4</th>\n",
       "      <th>VO-1</th>\n",
       "      <th>VO-2</th>\n",
       "      <th>PHC-1</th>\n",
       "      <th>PHC-2</th>\n",
       "      <th>LO-1</th>\n",
       "      <th>LO-2</th>\n",
       "      <th>TO-1</th>\n",
       "      <th>TO-2</th>\n",
       "    </tr>\n",
       "  </thead>\n",
       "  <tbody>\n",
       "    <tr>\n",
       "      <th>V1</th>\n",
       "      <td>1</td>\n",
       "      <td>0.431521</td>\n",
       "      <td>0.00517</td>\n",
       "      <td>0.969392</td>\n",
       "      <td>0.00006</td>\n",
       "      <td>0.055656</td>\n",
       "      <td>0.306966</td>\n",
       "      <td>0.120185</td>\n",
       "      <td>0.662501</td>\n",
       "      <td>0.908357</td>\n",
       "      <td>0.423143</td>\n",
       "      <td>0.803046</td>\n",
       "    </tr>\n",
       "    <tr>\n",
       "      <th>V2</th>\n",
       "      <td>0.431521</td>\n",
       "      <td>1</td>\n",
       "      <td>0.048693</td>\n",
       "      <td>0.272052</td>\n",
       "      <td>0.002554</td>\n",
       "      <td>0.003885</td>\n",
       "      <td>0.665984</td>\n",
       "      <td>0.212385</td>\n",
       "      <td>0.740687</td>\n",
       "      <td>0.740687</td>\n",
       "      <td>0.382704</td>\n",
       "      <td>0.795636</td>\n",
       "    </tr>\n",
       "    <tr>\n",
       "      <th>V3</th>\n",
       "      <td>0.00517</td>\n",
       "      <td>0.048693</td>\n",
       "      <td>1</td>\n",
       "      <td>0.143504</td>\n",
       "      <td>0.028735</td>\n",
       "      <td>0.977042</td>\n",
       "      <td>0.138326</td>\n",
       "      <td>0.862914</td>\n",
       "      <td>0.31846</td>\n",
       "      <td>0.177737</td>\n",
       "      <td>0.044979</td>\n",
       "      <td>0.167177</td>\n",
       "    </tr>\n",
       "    <tr>\n",
       "      <th>hV4</th>\n",
       "      <td>0.969392</td>\n",
       "      <td>0.272052</td>\n",
       "      <td>0.143504</td>\n",
       "      <td>1</td>\n",
       "      <td>0.014634</td>\n",
       "      <td>0.015228</td>\n",
       "      <td>0.652097</td>\n",
       "      <td>0.514211</td>\n",
       "      <td>0.889377</td>\n",
       "      <td>0.495825</td>\n",
       "      <td>0.223126</td>\n",
       "      <td>0.558449</td>\n",
       "    </tr>\n",
       "    <tr>\n",
       "      <th>VO-1</th>\n",
       "      <td>0.00006</td>\n",
       "      <td>0.002554</td>\n",
       "      <td>0.028735</td>\n",
       "      <td>0.014634</td>\n",
       "      <td>1</td>\n",
       "      <td>0.323135</td>\n",
       "      <td>0.070575</td>\n",
       "      <td>0.665984</td>\n",
       "      <td>0.217708</td>\n",
       "      <td>0.107059</td>\n",
       "      <td>0.0251</td>\n",
       "      <td>0.027364</td>\n",
       "    </tr>\n",
       "    <tr>\n",
       "      <th>VO-2</th>\n",
       "      <td>0.055656</td>\n",
       "      <td>0.003885</td>\n",
       "      <td>0.977042</td>\n",
       "      <td>0.015228</td>\n",
       "      <td>0.323135</td>\n",
       "      <td>1</td>\n",
       "      <td>0.327855</td>\n",
       "      <td>0.810474</td>\n",
       "      <td>0.236143</td>\n",
       "      <td>0.111302</td>\n",
       "      <td>0.030532</td>\n",
       "      <td>0.056894</td>\n",
       "    </tr>\n",
       "    <tr>\n",
       "      <th>PHC-1</th>\n",
       "      <td>0.306966</td>\n",
       "      <td>0.665984</td>\n",
       "      <td>0.138326</td>\n",
       "      <td>0.652097</td>\n",
       "      <td>0.070575</td>\n",
       "      <td>0.327855</td>\n",
       "      <td>1</td>\n",
       "      <td>0.29354</td>\n",
       "      <td>0.597783</td>\n",
       "      <td>0.39325</td>\n",
       "      <td>0.115677</td>\n",
       "      <td>0.265821</td>\n",
       "    </tr>\n",
       "    <tr>\n",
       "      <th>PHC-2</th>\n",
       "      <td>0.120185</td>\n",
       "      <td>0.212385</td>\n",
       "      <td>0.862914</td>\n",
       "      <td>0.514211</td>\n",
       "      <td>0.665984</td>\n",
       "      <td>0.810474</td>\n",
       "      <td>0.29354</td>\n",
       "      <td>1</td>\n",
       "      <td>0.00713</td>\n",
       "      <td>0.001053</td>\n",
       "      <td>0.000001</td>\n",
       "      <td>0.03401</td>\n",
       "    </tr>\n",
       "    <tr>\n",
       "      <th>LO-1</th>\n",
       "      <td>0.662501</td>\n",
       "      <td>0.740687</td>\n",
       "      <td>0.31846</td>\n",
       "      <td>0.889377</td>\n",
       "      <td>0.217708</td>\n",
       "      <td>0.236143</td>\n",
       "      <td>0.597783</td>\n",
       "      <td>0.00713</td>\n",
       "      <td>1</td>\n",
       "      <td>0.031277</td>\n",
       "      <td>0.001333</td>\n",
       "      <td>0.352123</td>\n",
       "    </tr>\n",
       "    <tr>\n",
       "      <th>LO-2</th>\n",
       "      <td>0.908357</td>\n",
       "      <td>0.740687</td>\n",
       "      <td>0.177737</td>\n",
       "      <td>0.495825</td>\n",
       "      <td>0.107059</td>\n",
       "      <td>0.111302</td>\n",
       "      <td>0.39325</td>\n",
       "      <td>0.001053</td>\n",
       "      <td>0.031277</td>\n",
       "      <td>1</td>\n",
       "      <td>0.236143</td>\n",
       "      <td>0.919771</td>\n",
       "    </tr>\n",
       "    <tr>\n",
       "      <th>TO-1</th>\n",
       "      <td>0.423143</td>\n",
       "      <td>0.382704</td>\n",
       "      <td>0.044979</td>\n",
       "      <td>0.223126</td>\n",
       "      <td>0.0251</td>\n",
       "      <td>0.030532</td>\n",
       "      <td>0.115677</td>\n",
       "      <td>0.000001</td>\n",
       "      <td>0.001333</td>\n",
       "      <td>0.236143</td>\n",
       "      <td>1</td>\n",
       "      <td>0.337429</td>\n",
       "    </tr>\n",
       "    <tr>\n",
       "      <th>TO-2</th>\n",
       "      <td>0.803046</td>\n",
       "      <td>0.795636</td>\n",
       "      <td>0.167177</td>\n",
       "      <td>0.558449</td>\n",
       "      <td>0.027364</td>\n",
       "      <td>0.056894</td>\n",
       "      <td>0.265821</td>\n",
       "      <td>0.03401</td>\n",
       "      <td>0.352123</td>\n",
       "      <td>0.919771</td>\n",
       "      <td>0.337429</td>\n",
       "      <td>1</td>\n",
       "    </tr>\n",
       "  </tbody>\n",
       "</table>\n",
       "</div>"
      ],
      "text/plain": [
       "             V1        V2        V3       hV4      VO-1      VO-2     PHC-1  \\\n",
       "V1            1  0.431521   0.00517  0.969392   0.00006  0.055656  0.306966   \n",
       "V2     0.431521         1  0.048693  0.272052  0.002554  0.003885  0.665984   \n",
       "V3      0.00517  0.048693         1  0.143504  0.028735  0.977042  0.138326   \n",
       "hV4    0.969392  0.272052  0.143504         1  0.014634  0.015228  0.652097   \n",
       "VO-1    0.00006  0.002554  0.028735  0.014634         1  0.323135  0.070575   \n",
       "VO-2   0.055656  0.003885  0.977042  0.015228  0.323135         1  0.327855   \n",
       "PHC-1  0.306966  0.665984  0.138326  0.652097  0.070575  0.327855         1   \n",
       "PHC-2  0.120185  0.212385  0.862914  0.514211  0.665984  0.810474   0.29354   \n",
       "LO-1   0.662501  0.740687   0.31846  0.889377  0.217708  0.236143  0.597783   \n",
       "LO-2   0.908357  0.740687  0.177737  0.495825  0.107059  0.111302   0.39325   \n",
       "TO-1   0.423143  0.382704  0.044979  0.223126    0.0251  0.030532  0.115677   \n",
       "TO-2   0.803046  0.795636  0.167177  0.558449  0.027364  0.056894  0.265821   \n",
       "\n",
       "          PHC-2      LO-1      LO-2      TO-1      TO-2  \n",
       "V1     0.120185  0.662501  0.908357  0.423143  0.803046  \n",
       "V2     0.212385  0.740687  0.740687  0.382704  0.795636  \n",
       "V3     0.862914   0.31846  0.177737  0.044979  0.167177  \n",
       "hV4    0.514211  0.889377  0.495825  0.223126  0.558449  \n",
       "VO-1   0.665984  0.217708  0.107059    0.0251  0.027364  \n",
       "VO-2   0.810474  0.236143  0.111302  0.030532  0.056894  \n",
       "PHC-1   0.29354  0.597783   0.39325  0.115677  0.265821  \n",
       "PHC-2         1   0.00713  0.001053  0.000001   0.03401  \n",
       "LO-1    0.00713         1  0.031277  0.001333  0.352123  \n",
       "LO-2   0.001053  0.031277         1  0.236143  0.919771  \n",
       "TO-1   0.000001  0.001333  0.236143         1  0.337429  \n",
       "TO-2    0.03401  0.352123  0.919771  0.337429         1  "
      ]
     },
     "execution_count": 4,
     "metadata": {},
     "output_type": "execute_result"
    }
   ],
   "source": [
    "p_values_df_W"
   ]
  },
  {
   "cell_type": "code",
   "execution_count": 13,
   "id": "76a49aac-89d1-49b7-9a06-0b5d12e14528",
   "metadata": {},
   "outputs": [
    {
     "data": {
